filename;label;fch_feature_0;fch_feature_1;fch_feature_2;fch_feature_3;fch_feature_4;fch_feature_5;fch_feature_6;fch_feature_7;fch_feature_8;fch_feature_9
augmented_Corn_Gray_Spot (210)_aug1.png;Bercak Daun;0.0962167163525015;0.0962167163525015;0.10412896009382198;0.10234881404411526;0.1008013801506742;0.11846125372746799;0.08806109537242905;0.10773244079352046;0.09190323732371072;0.09412938578925735
augmented_Corn_Gray_Spot (210)_aug2.png;Bercak Daun;0.09604126720800873;0.09604126720800873;0.10409045166242104;0.1023744670231117;0.10084976703175674;0.1188076879496913;0.08808227444915957;0.10793965226508624;0.09178254640167041;0.09399061880108552
augmented_Corn_Gray_Spot (210)_clean.png;Bercak Daun;0.0962167163525015;0.0962167163525015;0.10412896009382198;0.10234881404411526;0.10080138015067423;0.11846125372746799;0.08806109537242902;0.10773244079352046;0.09190323732371072;0.09412938578925735
augmented_Corn_Gray_Spot (213)_aug1.png;Bercak Daun;0.090270230982429;0.090270230982429;0.10200281330531281;0.10286415110940723;0.10281905521462371;0.12900195332150213;0.08975660692668769;0.11379237799241547;0.08881454827954528;0.09040803188564754
augmented_Corn_Gray_Spot (213)_aug2.png;Bercak Daun;0.0888860436651471;0.0888860436651471;0.10153231569625563;0.10284354992739046;0.10304642674650658;0.13278833765370474;0.08991737338738733;0.11601409197070775;0.08761945809260879;0.08846635919514463
augmented_Corn_Gray_Spot (213)_clean.png;Bercak Daun;0.090270230982429;0.090270230982429;0.10200281330531281;0.10286415110940723;0.10281905521462369;0.12900195332150213;0.08975660692668769;0.11379237799241546;0.08881454827954528;0.09040803188564754
augmented_Corn_Gray_Spot (227)_aug1.png;Bercak Daun;0.09854729375527173;0.09854729375527173;0.10927044449019872;0.09893528555597131;0.09801092542670749;0.1151724478534825;0.08618273065970432;0.10531820664958487;0.09026123091695802;0.09975414093684949
augmented_Corn_Gray_Spot (227)_aug2.png;Bercak Daun;0.0979526963258574;0.0979526963258574;0.10937737921874291;0.0987148115212727;0.09804714703274214;0.11669344947236918;0.08624323806799687;0.10622352387181297;0.08955977177591928;0.09923528638742908
augmented_Corn_Gray_Spot (227)_clean.png;Bercak Daun;0.09854729375527173;0.09854729375527173;0.10927044449019875;0.09893528555597131;0.09801092542670749;0.1151724478534825;0.08618273065970432;0.10531820664958487;0.09026123091695801;0.09975414093684949
augmented_Corn_Gray_Spot (249)_aug1.png;Bercak Daun;0.09408104303098648;0.09408104303098648;0.10741699059816173;0.10585322162373186;0.10293490997104579;0.10991010483586568;0.08846726907805548;0.10319986770542901;0.09509232447169508;0.09896322565404232
augmented_Corn_Gray_Spot (249)_aug2.png;Bercak Daun;0.09367841393657363;0.09367841393657363;0.10756911210907211;0.10562236741659395;0.10294681610919026;0.11105769502585244;0.0884302667369425;0.10386736599953236;0.09448943352457134;0.09866011520509768
augmented_Corn_Gray_Spot (249)_clean.png;Bercak Daun;0.09408104303098648;0.09408104303098648;0.10741699059816173;0.10585322162373186;0.10293490997104579;0.10991010483586568;0.08846726907805547;0.10319986770542901;0.09509232447169508;0.09896322565404234
augmented_Corn_Gray_Spot (449)_aug1.png;Bercak Daun;0.09499589834122217;0.09499589834122217;0.09429157350677347;0.11334865393637836;0.1012316176546187;0.1135789666798032;0.09121136989924511;0.10719042540712773;0.09930672546374669;0.0898488707698622
augmented_Corn_Gray_Spot (449)_aug2.png;Bercak Daun;0.0945097070267608;0.0945097070267608;0.09438814050958341;0.1132171851933093;0.10124537475239076;0.11473245088753958;0.0912066792047102;0.10784790635488418;0.09887882403233755;0.08946402501172335
augmented_Corn_Gray_Spot (449)_clean.png;Bercak Daun;0.09499589834122218;0.09499589834122218;0.09429157350677349;0.11334865393637839;0.10123161765461869;0.11357896667980323;0.09121136989924512;0.10719042540712775;0.09930672546374672;0.08984887076986223
augmented_Corn_Gray_Spot (452)_aug1.png;Bercak Daun;0.09045304605790716;0.09045304605790716;0.09676688266713628;0.11193577017291469;0.10647607175159349;0.10786075836398885;0.09264992613824286;0.10186430045838364;0.10430286098972245;0.09723733734220358
augmented_Corn_Gray_Spot (452)_aug2.png;Bercak Daun;0.0891062469674744;0.0891062469674744;0.09678444115934912;0.11132660489128182;0.10678760876433717;0.11199928768982287;0.092707802836865;0.10416965022969267;0.1024433791273556;0.09556873136634715
augmented_Corn_Gray_Spot (452)_clean.png;Bercak Daun;0.09045304605790716;0.09045304605790716;0.09676688266713625;0.11193577017291469;0.10647607175159349;0.10786075836398885;0.09264992613824286;0.10186430045838364;0.10430286098972245;0.09723733734220358
augmented_Corn_Gray_Spot (463)_aug1.png;Bercak Daun;0.09291500623343789;0.09291500623343789;0.11759192132101356;0.10292834779896379;0.09965765622888495;0.09937343092754028;0.0879211587555641;0.09920675326796988;0.09663087462999331;0.11085984460319448
augmented_Corn_Gray_Spot (463)_aug2.png;Bercak Daun;0.09227829567829673;0.09227829567829673;0.11727026055426218;0.10287655571039216;0.0998279901563178;0.10174129601725032;0.0878926410129425;0.10053044170815964;0.09563802484631996;0.1096661986377619
augmented_Corn_Gray_Spot (463)_clean.png;Bercak Daun;0.09291500623343789;0.09291500623343789;0.11759192132101356;0.10292834779896379;0.09965765622888495;0.09937343092754031;0.0879211587555641;0.09920675326796988;0.09663087462999331;0.11085984460319448
augmented_Corn_Gray_Spot (471)_aug1.png;Bercak Daun;0.09210242194889087;0.09210242194889087;0.10860742657554788;0.10161445167375942;0.10222133507993926;0.12289655350627009;0.08744623392849771;0.1105445583136357;0.08864048849660312;0.09382410852796506
augmented_Corn_Gray_Spot (471)_aug2.png;Bercak Daun;0.0908698946005413;0.0908698946005413;0.1082914854811608;0.10176118771899058;0.10247515452785454;0.12551260652662838;0.0876538117446422;0.1121373017996723;0.087822385144926;0.09260627785504254
augmented_Corn_Gray_Spot (471)_clean.png;Bercak Daun;0.09210242194889087;0.09210242194889087;0.10860742657554788;0.1016144516737594;0.10222133507993929;0.12289655350627009;0.0874462339284977;0.1105445583136357;0.08864048849660311;0.09382410852796508
augmented_Corn_Gray_Spot (475)_aug1.png;Bercak Daun;0.0952367208033796;0.0952367208033796;0.09487175196724099;0.11072565872022352;0.10161689164422179;0.11620644227397392;0.09074118843933662;0.10770296936273244;0.09704934160432054;0.0906123143811909
augmented_Corn_Gray_Spot (475)_aug2.png;Bercak Daun;0.09404963980681492;0.09404963980681492;0.0950528577241206;0.11035153367695075;0.10170329879734348;0.11916263541195256;0.09071071212670409;0.10933626176082054;0.09597071234379112;0.08961270854468695
augmented_Corn_Gray_Spot (475)_clean.png;Bercak Daun;0.0952367208033796;0.0952367208033796;0.09487175196724099;0.1107256587202235;0.10161689164422179;0.11620644227397392;0.09074118843933662;0.10770296936273244;0.09704934160432054;0.0906123143811909
augmented_Corn_Gray_Spot (478)_aug1.png;Bercak Daun;0.10096238383047114;0.10096238383047114;0.09775991240644182;0.10996115540507238;0.10108321249896084;0.10223536387417441;0.08990179919318322;0.09906656396881149;0.10218363014480962;0.09588359484760405
augmented_Corn_Gray_Spot (478)_aug2.png;Bercak Daun;0.09899770226734154;0.09899770226734154;0.09798797852476918;0.10975140247589962;0.1014925427940641;0.10593148408891784;0.09000746670017538;0.10121037917657347;0.10085344759709947;0.09476989410781794
augmented_Corn_Gray_Spot (478)_clean.png;Bercak Daun;0.10096238383047114;0.10096238383047114;0.09775991240644182;0.10996115540507238;0.10108321249896084;0.10223536387417444;0.08990179919318322;0.09906656396881149;0.10218363014480962;0.09588359484760405
augmented_Corn_Gray_Spot (493)_aug1.png;Bercak Daun;0.0896505593699775;0.0896505593699775;0.10520594305525459;0.1020470286210702;0.10101690661144201;0.1321881278159512;0.08890681126572307;0.11594228318953693;0.08635401449065179;0.08903776621041526
augmented_Corn_Gray_Spot (493)_aug2.png;Bercak Daun;0.08947646661848999;0.08947646661848999;0.10523907928948979;0.10197988646824263;0.10104022711384768;0.13262164819566644;0.088906066572168;0.11620017261434448;0.08616046065398787;0.08889952585527311
augmented_Corn_Gray_Spot (493)_clean.png;Bercak Daun;0.0896505593699775;0.0896505593699775;0.10520594305525459;0.1020470286210702;0.10101690661144201;0.1321881278159512;0.08890681126572307;0.11594228318953693;0.08635401449065179;0.08903776621041526
augmented_Corn_Gray_Spot (496)_aug1.png;Bercak Daun;0.09605597915755938;0.09605597915755938;0.09586708430131562;0.10665892077042535;0.10724156199241322;0.1065702759526962;0.09095196113481124;0.09936507653838977;0.10047780614079822;0.10075535485403178
augmented_Corn_Gray_Spot (496)_aug2.png;Bercak Daun;0.09456719421549167;0.09456719421549167;0.09593036278362334;0.10636225308747722;0.10770214130740988;0.1101144508495936;0.09109436909743121;0.10139903424897191;0.0991063014898132;0.09915669870469616
augmented_Corn_Gray_Spot (496)_clean.png;Bercak Daun;0.09605597915755937;0.09605597915755937;0.09586708430131559;0.10665892077042533;0.10724156199241318;0.10657027595269619;0.09095196113481123;0.09936507653838975;0.10047780614079822;0.10075535485403177
augmented_Corn_Gray_Spot (497)_aug1.png;Bercak Daun;0.08805203164541148;0.08805203164541148;0.0954118632398289;0.09405636740443986;0.10838198909011423;0.15292774668831374;0.09977559417928958;0.10953773024759897;0.07600254652131544;0.08780209933827635
augmented_Corn_Gray_Spot (497)_aug2.png;Bercak Daun;0.08615126076839631;0.08615126076839631;0.09579033730149755;0.09450977446182497;0.10796145231534797;0.1558462219116284;0.09885589174422103;0.1127426552249218;0.07560229844630459;0.08638884705746122
augmented_Corn_Gray_Spot (497)_clean.png;Bercak Daun;0.0880520316454115;0.0880520316454115;0.0954118632398289;0.09405636740443986;0.1083819890901142;0.15292774668831374;0.09977559417928958;0.10953773024759897;0.07600254652131544;0.08780209933827636
augmented_Corn_Gray_Spot (548)_aug1.png;Bercak Daun;0.10306953884045958;0.10306953884045958;0.09465628609008477;0.10707738252238468;0.10371886376186748;0.10547122941124418;0.0896735048562023;0.09936235310303748;0.09988393558269708;0.09401736699156304
augmented_Corn_Gray_Spot (548)_aug2.png;Bercak Daun;0.1003161773688404;0.1003161773688404;0.09437533550511712;0.10707741804284546;0.10378652027143749;0.11232944573238007;0.09003662494003914;0.10348945153525456;0.09763991003329395;0.09063293920195145
augmented_Corn_Gray_Spot (548)_clean.png;Bercak Daun;0.10306953884045958;0.10306953884045958;0.09465628609008477;0.10707738252238468;0.10371886376186748;0.10547122941124418;0.0896735048562023;0.09936235310303748;0.09988393558269708;0.09401736699156304
augmented_Corn_Gray_Spot (555)_aug1.png;Bercak Daun;0.09263734497825513;0.09263734497825513;0.10474384899666701;0.10142615328542129;0.10051038485212939;0.10945493334666694;0.0953784969926731;0.10149222186300258;0.09582699085293803;0.10589227985399147
augmented_Corn_Gray_Spot (555)_aug2.png;Bercak Daun;0.09213258140766187;0.09213258140766187;0.10473561009808655;0.1014350912908807;0.10058565178005015;0.1106810505392939;0.09540440734527392;0.10225155076133566;0.09545503342250408;0.10518644194725134
augmented_Corn_Gray_Spot (555)_clean.png;Bercak Daun;0.09263734497825513;0.09263734497825513;0.10474384899666701;0.10142615328542129;0.10051038485212939;0.10945493334666694;0.0953784969926731;0.10149222186300258;0.09582699085293803;0.10589227985399151
augmented_Corn_Gray_Spot (573)_aug1.png;Bercak Daun;0.08739185455569928;0.08739185455569928;0.09076135939120107;0.10859135044962716;0.12094407847609925;0.1048555654471063;0.09520158344744821;0.09632787995777393;0.10559550538766937;0.10293896833167619
augmented_Corn_Gray_Spot (573)_aug2.png;Bercak Daun;0.08739185455569928;0.08739185455569928;0.09076135939120107;0.10859135044962716;0.12094407847609927;0.1048555654471063;0.09520158344744821;0.09632787995777393;0.10559550538766937;0.10293896833167619
augmented_Corn_Gray_Spot (573)_clean.png;Bercak Daun;0.08739185455569928;0.08739185455569928;0.09076135939120107;0.10859135044962716;0.12094407847609927;0.1048555654471063;0.09520158344744821;0.09632787995777393;0.10559550538766937;0.10293896833167619
augmented_Corn_Gray_Spot (574)_aug1.png;Bercak Daun;0.09159546154188469;0.09159546154188469;0.09299550637072501;0.11294466116564297;0.1075992655385211;0.1120934771758841;0.09317448608020401;0.10440067781957935;0.10378704007187955;0.08981396269379452
augmented_Corn_Gray_Spot (574)_aug2.png;Bercak Daun;0.09155835965882908;0.09155835965882908;0.09300301462621272;0.1129404717544025;0.10758784807003012;0.11219783632225572;0.09317073238923003;0.10446964999082173;0.10373852493678444;0.0897752025926047
augmented_Corn_Gray_Spot (574)_clean.png;Bercak Daun;0.09159546154188469;0.09159546154188469;0.09299550637072501;0.11294466116564297;0.1075992655385211;0.1120934771758841;0.09317448608020401;0.10440067781957935;0.10378704007187955;0.08981396269379453
IMG_0002_aug1.png;Bercak Daun;0.07046273051825479;0.07046273051825479;0.10014858151133575;0.10387716087019719;0.10890167526839246;0.15894410488303354;0.09228167028063727;0.13123238531335915;0.0805963683918538;0.0830925924446814
IMG_0002_aug2.png;Bercak Daun;0.06946275190606287;0.06946275190606287;0.10024237498548018;0.10385502695622942;0.10907227832012337;0.16060632941393121;0.09237988339992291;0.13220873198315053;0.08005802863914722;0.08265184248988935
IMG_0002_clean.png;Bercak Daun;0.07046273051825479;0.07046273051825479;0.10014858151133575;0.10387716087019719;0.10890167526839244;0.15894410488303354;0.09228167028063727;0.13123238531335915;0.0805963683918538;0.08309259244468141
IMG_0003_aug1.png;Bercak Daun;0.07012561989511464;0.07012561989511464;0.10113542117568451;0.10342582044974014;0.10826804149837244;0.1590337849030299;0.09216888018747438;0.13120076692920893;0.0803677454148976;0.08414829965136275
IMG_0003_aug2.png;Bercak Daun;0.06994652785562097;0.06994652785562097;0.1011586713724283;0.10344659667567471;0.10829758820421459;0.15929020097702082;0.09217619442562211;0.13135971886017256;0.08029836160994444;0.0840796121636806
IMG_0003_clean.png;Bercak Daun;0.07012561989511464;0.07012561989511464;0.10113542117568451;0.10342582044974014;0.10826804149837244;0.1590337849030299;0.09216888018747438;0.13120076692920893;0.0803677454148976;0.08414829965136275
IMG_0004_aug1.png;Bercak Daun;0.06993974842036696;0.06993974842036696;0.10120644699542597;0.10356305825394778;0.10808986675404822;0.15897229678468675;0.0921312116363942;0.13101404322924198;0.08042455813996145;0.08471902136555978
IMG_0004_aug2.png;Bercak Daun;0.06994825116393805;0.06994825116393805;0.10119745397134111;0.10357097309927667;0.10810015951105928;0.15897351706532778;0.09212032227587423;0.13100713519454316;0.08041405324397255;0.084719883310729
IMG_0004_clean.png;Bercak Daun;0.06993974842036696;0.06993974842036696;0.10120644699542597;0.10356305825394778;0.10808986675404822;0.15897229678468675;0.0921312116363942;0.13101404322924198;0.08042455813996145;0.08471902136555978
IMG_0005_aug1.png;Bercak Daun;0.06966068985633622;0.06966068985633622;0.10144861495951017;0.10342550856147763;0.10789976542979852;0.15922729904416325;0.09205109698940858;0.1311315432585075;0.0803215370788965;0.08517325496556541
IMG_0005_aug2.png;Bercak Daun;0.06964089761481707;0.06964089761481707;0.10146142619467477;0.10339945873169655;0.107880366016876;0.15931055752764678;0.09202814542059781;0.131198242075355;0.08029841955829187;0.08514158924522709
IMG_0005_clean.png;Bercak Daun;0.06966068985633621;0.06966068985633621;0.10144861495951016;0.1034255085614776;0.10789976542979851;0.15922729904416325;0.09205109698940857;0.13113154325850748;0.08032153707889647;0.0851732549655654
IMG_0148_aug1.png;Bercak Daun;0.0750990254194191;0.0750990254194191;0.11390139551289326;0.09809062951423424;0.10246125548322527;0.1524151294825532;0.0909453201156629;0.12428408411582105;0.08203986623405674;0.0856642687027153
IMG_0148_aug2.png;Bercak Daun;0.07489877027098249;0.07489877027098249;0.11387204505857382;0.09813171148673457;0.1025334796078749;0.15271869324502252;0.09096277537474888;0.12448611860611307;0.08193803886336166;0.0855595972156057
IMG_0148_clean.png;Bercak Daun;0.0750990254194191;0.0750990254194191;0.11390139551289326;0.09809062951423424;0.10246125548322527;0.1524151294825532;0.0909453201156629;0.12428408411582102;0.08203986623405674;0.0856642687027153
IMG_0149_aug1.png;Bercak Daun;0.07499330984861335;0.07499330984861335;0.11372456953711434;0.09792565057905048;0.10239659030155678;0.15348415693502107;0.09101129492738971;0.12476490814934614;0.0817722494159161;0.08493396045737873
IMG_0149_aug2.png;Bercak Daun;0.0749951136293445;0.0749951136293445;0.113695766452615;0.09793312182306134;0.10242608769544226;0.15353774371199805;0.0909813553887973;0.12476335645399333;0.08174880999508963;0.08492353122031418
IMG_0149_clean.png;Bercak Daun;0.07499330984861335;0.07499330984861335;0.11372456953711434;0.09792565057905048;0.10239659030155678;0.15348415693502107;0.09101129492738971;0.12476490814934617;0.0817722494159161;0.08493396045737873
IMG_0150_aug1.png;Bercak Daun;0.0752718058702929;0.0752718058702929;0.11391777636121618;0.09775460599020117;0.10237728999183608;0.1527681957176476;0.09088065475458158;0.12433511699534577;0.08214622059922334;0.08527652784936242
IMG_0150_aug2.png;Bercak Daun;0.07411899777200337;0.07411899777200337;0.11294404136347237;0.09801349661672935;0.10271978853043007;0.15557022435822615;0.09093564359820995;0.12629209212467313;0.08105816738937913;0.0842285504748732
IMG_0150_clean.png;Bercak Daun;0.0752718058702929;0.0752718058702929;0.11391777636121618;0.09775460599020117;0.10237728999183608;0.1527681957176476;0.09088065475458158;0.12433511699534577;0.08214622059922334;0.08527652784936242
IMG_0151_aug1.png;Bercak Daun;0.0753982890696137;0.0753982890696137;0.11422077513874143;0.09769518767361969;0.10226566746776124;0.15265735531236183;0.09096104853561315;0.12412627695385414;0.08216373411241826;0.08511337666640277
IMG_0151_aug2.png;Bercak Daun;0.0753982890696137;0.0753982890696137;0.11422077513874143;0.09769518767361969;0.10226566746776125;0.15265735531236183;0.09096104853561314;0.12412627695385413;0.08216373411241826;0.08511337666640277
IMG_0151_clean.png;Bercak Daun;0.0753982890696137;0.0753982890696137;0.11422077513874143;0.09769518767361969;0.10226566746776125;0.15265735531236183;0.09096104853561314;0.12412627695385413;0.08216373411241826;0.08511337666640277
IMG_0152_aug1.png;Bercak Daun;0.07369618503375477;0.07369618503375477;0.11727375353770278;0.09834204168102954;0.10268646704305896;0.1523018411661954;0.09043228259879287;0.1242192360849826;0.08189527933122386;0.08545672848950439
IMG_0152_aug2.png;Bercak Daun;0.07234569937601056;0.07234569937601056;0.11742182151271417;0.09820918690533961;0.10241903684241796;0.15612901644806726;0.09035682651686641;0.1267272699202482;0.08029227891620541;0.08375316418611975
IMG_0152_clean.png;Bercak Daun;0.07369618503375477;0.07369618503375477;0.11727375353770275;0.09834204168102954;0.10268646704305896;0.1523018411661954;0.09043228259879287;0.1242192360849826;0.08189527933122386;0.0854567284895044
IMG_0153_aug1.png;Bercak Daun;0.07381900010063745;0.07381900010063745;0.11739547090090098;0.09805060788317009;0.1025941883787213;0.15376874397112658;0.09024869917772187;0.12471954139477522;0.08149993119576024;0.08408481689654893
IMG_0153_aug2.png;Bercak Daun;0.07304910762863576;0.07304910762863576;0.11765087680370952;0.09787658789711498;0.10238271150924246;0.1561704488050743;0.09023136615532316;0.1261987781747479;0.08051552774965667;0.08287548764785944
IMG_0153_clean.png;Bercak Daun;0.07381900010063744;0.07381900010063744;0.11739547090090097;0.09805060788317008;0.10259418837872127;0.15376874397112655;0.09024869917772185;0.1247195413947752;0.08149993119576023;0.0840848168965489
IMG_0154_aug1.png;Bercak Daun;0.07327840536265627;0.07327840536265627;0.11842402282828877;0.09771889841152194;0.1025187204984898;0.15624560337455237;0.09030583451414892;0.12590203154239757;0.08019141687085093;0.08213666123443732
IMG_0154_aug2.png;Bercak Daun;0.07304001076810757;0.07304001076810757;0.11831846970794818;0.09771178883936595;0.10248872377936252;0.15699012402170154;0.09028140252322414;0.1263879113724214;0.07993222584756735;0.08180933237219398
IMG_0154_clean.png;Bercak Daun;0.07327840536265628;0.07327840536265628;0.11842402282828877;0.09771889841152194;0.1025187204984898;0.15624560337455237;0.09030583451414892;0.12590203154239757;0.08019141687085093;0.08213666123443732
IMG_0155_aug1.png;Bercak Daun;0.07385272312538772;0.07385272312538772;0.10966706339426403;0.09888755593517173;0.10556422769082344;0.15346751517238605;0.09150898286866004;0.12571388777189538;0.08099919662303655;0.08648612429298727
IMG_0155_aug2.png;Bercak Daun;0.07372638658682705;0.07372638658682705;0.10963656784870864;0.09888879521144184;0.10563614194856716;0.15369461174109833;0.09149257508477839;0.12591554670364263;0.08089379667734375;0.08638919161076508
IMG_0155_clean.png;Bercak Daun;0.07385272312538771;0.07385272312538771;0.10966706339426403;0.09888755593517173;0.10556422769082344;0.15346751517238608;0.09150898286866004;0.12571388777189538;0.08099919662303655;0.08648612429298727
IMG_0156_aug1.png;Bercak Daun;0.07392637898632524;0.07392637898632524;0.11010701506259594;0.09894325172406367;0.10516212679473466;0.15356443773255804;0.0913064376350555;0.12558385695877372;0.08092895474881537;0.08655116137075271
IMG_0156_aug2.png;Bercak Daun;0.073834313524212;0.073834313524212;0.11009861151651476;0.09897789515795055;0.1052157105665205;0.15371356603238676;0.09127224657217195;0.12568826387359372;0.0808666501268247;0.08649842910561309
IMG_0156_clean.png;Bercak Daun;0.07392637898632524;0.07392637898632524;0.11010701506259594;0.09894325172406367;0.10516212679473466;0.15356443773255807;0.0913064376350555;0.12558385695877372;0.08092895474881537;0.08655116137075271
IMG_0157_aug1.png;Bercak Daun;0.07425938851958797;0.07425938851958797;0.11007680013474473;0.09864058695729619;0.10471383414170328;0.15343856835436892;0.09142383611834874;0.12564886514242943;0.08091247623731493;0.08662625587461789
IMG_0157_aug2.png;Bercak Daun;0.07401994631747956;0.07401994631747956;0.11016670244676458;0.09860865119407551;0.10459428996978662;0.15415124211787087;0.09141714055450756;0.12610482892938288;0.08062439807734323;0.08629285407530958
IMG_0157_clean.png;Bercak Daun;0.07425938851958797;0.07425938851958797;0.11007680013474473;0.09864058695729619;0.10471383414170328;0.15343856835436892;0.09142383611834874;0.12564886514242943;0.08091247623731493;0.08662625587461789
IMG_0159_aug1.png;Bercak Daun;0.0723517113402571;0.0723517113402571;0.1101962918988383;0.09828225938470875;0.10418991156794986;0.16441419832048051;0.09105545143961248;0.1311366526934719;0.07800385751049804;0.07801795450392585
IMG_0159_aug2.png;Bercak Daun;0.07219213544035076;0.07219213544035076;0.11010425433402149;0.09831757742629887;0.10424964759182903;0.16475710598251106;0.0910667989538529;0.13137134842647197;0.077892072398413;0.07785692400590001
IMG_0159_clean.png;Bercak Daun;0.0723517113402571;0.0723517113402571;0.1101962918988383;0.09828225938470875;0.10418991156794988;0.16441419832048051;0.09105545143961248;0.13113665269347188;0.07800385751049804;0.07801795450392585
IMG_0160_aug1.png;Bercak Daun;0.07279904468502922;0.07279904468502922;0.11017483565190402;0.09807031419863624;0.10393152038431056;0.16432049014435451;0.09097311298409742;0.13085741201662626;0.07806392760244747;0.07801029764756505
IMG_0160_aug2.png;Bercak Daun;0.07279592794530976;0.07279592794530976;0.11017138287677006;0.0980642102961043;0.10394680473137832;0.1643131111820837;0.09096782915536569;0.13086242258901554;0.07807455028387389;0.07800783299478899
IMG_0160_clean.png;Bercak Daun;0.07279904468502922;0.07279904468502922;0.11017483565190402;0.09807031419863624;0.10393152038431056;0.16432049014435451;0.09097311298409742;0.13085741201662626;0.07806392760244747;0.07801029764756505
IMG_0161_aug1.png;Bercak Daun;0.07216458780476827;0.07216458780476827;0.11028884376855036;0.09834554354128233;0.10431805439221352;0.1644400852749908;0.0908993783956556;0.13138661572531798;0.07802847878096739;0.0779638245114855
IMG_0161_aug2.png;Bercak Daun;0.07100446614423402;0.07100446614423402;0.10995806331771808;0.09869321582844827;0.10461476760795499;0.16654806475058914;0.09096748941302935;0.13296791217049786;0.07724343896297457;0.07699811566031968
IMG_0161_clean.png;Bercak Daun;0.07216458780476827;0.07216458780476827;0.11028884376855039;0.09834554354128233;0.10431805439221352;0.1644400852749908;0.0908993783956556;0.13138661572531798;0.07802847878096739;0.0779638245114855
IMG_0162_aug1.png;Bercak Daun;0.0718202674986462;0.0718202674986462;0.11027825922752423;0.09856398115111059;0.10447618289645098;0.16461897853731197;0.09103422472918471;0.1314823970244824;0.07799098036290118;0.07791446107374157
IMG_0162_aug2.png;Bercak Daun;0.07096429060081139;0.07096429060081139;0.10989971975747995;0.098806447844371;0.10469755185259425;0.16636375653614288;0.09103912862124282;0.13279881349580666;0.07729596115593608;0.07717003953480366
IMG_0162_clean.png;Bercak Daun;0.0718202674986462;0.0718202674986462;0.11027825922752423;0.09856398115111059;0.10447618289645098;0.16461897853731197;0.09103422472918472;0.1314823970244824;0.07799098036290118;0.07791446107374157
IMG_0163_aug1.png;Bercak Daun;0.07084254171303583;0.07084254171303583;0.10978176589335009;0.0989992236484438;0.10477821990324021;0.16600841142539716;0.09107296556305075;0.13274849588322699;0.07753288473740999;0.07739294951980931
IMG_0163_aug2.png;Bercak Daun;0.0707887401317112;0.0707887401317112;0.1097551049965776;0.09902645231616132;0.10479240782599981;0.16610579470191217;0.0910900820615087;0.13281451186655788;0.07749657820288874;0.0773415877649713
IMG_0163_clean.png;Bercak Daun;0.07084254171303583;0.07084254171303583;0.10978176589335009;0.0989992236484438;0.10477821990324021;0.16600841142539716;0.09107296556305075;0.13274849588322699;0.07753288473740998;0.07739294951980931
IMG_0175_aug1.png;Bercak Daun;0.07029725867598705;0.07029725867598705;0.1126616851135525;0.09872223140646684;0.1040397395777075;0.16077869141205034;0.09111598498175902;0.130657196758651;0.07794479580615128;0.08348515759168745
IMG_0175_aug2.png;Bercak Daun;0.07024798478109971;0.07024798478109971;0.11262613843508787;0.09874227478284293;0.10405325548967674;0.16092832203210827;0.09111603000824435;0.1307567121436255;0.07789368568250314;0.08338761186371195
IMG_0175_clean.png;Bercak Daun;0.07029725867598705;0.07029725867598705;0.1126616851135525;0.09872223140646681;0.1040397395777075;0.1607786914120503;0.09111598498175902;0.13065719675865103;0.07794479580615127;0.08348515759168745
IMG_0176_aug1.png;Bercak Daun;0.07022156669525433;0.07022156669525433;0.11256968192100257;0.09867450751531627;0.1040291759182454;0.161744678412833;0.09114263386300514;0.13095178657221762;0.07765540423484918;0.0827889981720223
IMG_0176_aug2.png;Bercak Daun;0.07010222050426046;0.07010222050426046;0.11247334077762085;0.09875422037399752;0.1040407912284353;0.1621829711180238;0.09114354690829313;0.13119424897178308;0.07749031391089212;0.08251612570243315
IMG_0176_clean.png;Bercak Daun;0.07022156669525433;0.07022156669525433;0.11256968192100252;0.09867450751531627;0.1040291759182454;0.161744678412833;0.09114263386300514;0.13095178657221762;0.07765540423484918;0.0827889981720223
IMG_0177_aug1.png;Bercak Daun;0.0704020713187952;0.0704020713187952;0.11249546163446118;0.09864388383818111;0.10385908159952932;0.1613112004359429;0.09114925815973987;0.1307192638517245;0.07772928450941277;0.08328842333341797
IMG_0177_aug2.png;Bercak Daun;0.07040031097024554;0.07040031097024554;0.11249756118721947;0.09860308912032162;0.10385092614692913;0.16133784514982388;0.09113381646354708;0.13074045020134512;0.07776006646556928;0.08327562332475326
IMG_0177_clean.png;Bercak Daun;0.07040207131879518;0.07040207131879518;0.11249546163446118;0.09864388383818111;0.10385908159952932;0.1613112004359429;0.09114925815973987;0.1307192638517245;0.07772928450941277;0.08328842333341796
IMG_0178_aug1.png;Bercak Daun;0.07063786345621562;0.07063786345621562;0.11218159152952616;0.09861904367470295;0.10383435633140396;0.1606721721169142;0.09101236952070585;0.1303162944945576;0.07796881722715368;0.08411962819260432
IMG_0178_aug2.png;Bercak Daun;0.07013071481547906;0.07013071481547906;0.11209383367356905;0.09881155936136268;0.10405800225099743;0.16147904715976882;0.09097200374611134;0.13105076135035487;0.07763314485952291;0.08364021796735471
IMG_0178_clean.png;Bercak Daun;0.07063786345621562;0.07063786345621562;0.11218159152952616;0.09861904367470295;0.10383435633140396;0.1606721721169142;0.09101236952070585;0.1303162944945576;0.07796881722715368;0.08411962819260432
IMG_0179_aug1.png;Bercak Daun;0.07063911180350274;0.07063911180350274;0.10722900218508744;0.10008633412394724;0.10648579111563639;0.15877084140695377;0.09131001744526823;0.1294981208358139;0.07887911930267678;0.08646254997761077
IMG_0179_aug2.png;Bercak Daun;0.0705369900433356;0.0705369900433356;0.10712866251195596;0.1001215438887619;0.10653601367873392;0.15901997657939815;0.09131135667527146;0.12966689699012557;0.0787938525609942;0.08634771702808744
IMG_0179_clean.png;Bercak Daun;0.07063911180350274;0.07063911180350274;0.10722900218508744;0.10008633412394724;0.10648579111563639;0.15877084140695377;0.09131001744526823;0.1294981208358139;0.07887911930267678;0.08646254997761077
IMG_0180_aug1.png;Bercak Daun;0.07064607424653474;0.07064607424653474;0.10772691897714447;0.10000066052940378;0.10621658625757092;0.15871962686161561;0.09113572095507008;0.1294978627419527;0.07891305918583902;0.08649741599833381
IMG_0180_aug2.png;Bercak Daun;0.07064588362128947;0.07064588362128947;0.10770739769540304;0.09999327502672735;0.10618817247728195;0.15873948644941505;0.09113557418133092;0.12950272449254938;0.07894502706743867;0.08649657536727468
IMG_0180_clean.png;Bercak Daun;0.07064607424653474;0.07064607424653474;0.10772691897714447;0.10000066052940378;0.10621658625757094;0.15871962686161561;0.0911357209550701;0.1294978627419527;0.07891305918583902;0.08649741599833381
IMG_0181_aug1.png;Bercak Daun;0.07103420847655223;0.07103420847655223;0.10710942541768927;0.09997419673994073;0.10687208065573403;0.15758068262253744;0.09134506946390358;0.12872680496895933;0.07921047641981326;0.08711284675831794
IMG_0181_aug2.png;Bercak Daun;0.07042486069273071;0.07042486069273071;0.10677895728815263;0.10009750196227046;0.10688204558274139;0.15941836775504997;0.09136555882675029;0.12989576474188527;0.07858749769261117;0.08612458476507734
IMG_0181_clean.png;Bercak Daun;0.07103420847655223;0.07103420847655223;0.10710942541768927;0.09997419673994073;0.10687208065573403;0.15758068262253744;0.09134506946390358;0.12872680496895936;0.07921047641981326;0.08711284675831797
IMG_0185_aug1.png;Bercak Daun;0.06983803209912245;0.06983803209912245;0.10933878815863098;0.09775375252024203;0.10332400487960565;0.17338759678676569;0.09093946913132456;0.13687183378130438;0.07398712692509511;0.07472136361878677
IMG_0185_aug2.png;Bercak Daun;0.06981484875119669;0.06981484875119669;0.10931467569819817;0.09776023388781578;0.10334614948712156;0.17341482231730582;0.09091950764461719;0.1369314803808244;0.07398611415300946;0.0746973189287142
IMG_0185_clean.png;Bercak Daun;0.06983803209912245;0.06983803209912245;0.10933878815863098;0.09775375252024203;0.10332400487960565;0.17338759678676569;0.09093946913132456;0.13687183378130438;0.07398712692509511;0.07472136361878677
IMG_0186_aug1.png;Bercak Daun;0.06997086579868139;0.06997086579868139;0.10920607040234645;0.09756962731920936;0.10315613949918263;0.1734454549534447;0.09098886187348298;0.13692146632413077;0.07394609352478573;0.07482455450605459
IMG_0186_aug2.png;Bercak Daun;0.06994240823571234;0.06994240823571234;0.1091704964855875;0.09755908730306855;0.10317291149180655;0.17351420508570287;0.09099235966001201;0.13700283148594417;0.07391853069214287;0.07478476132431089
IMG_0186_clean.png;Bercak Daun;0.06997086579868139;0.06997086579868139;0.10920607040234645;0.09756962731920936;0.10315613949918263;0.1734454549534447;0.090988861873483;0.13692146632413077;0.07394609352478573;0.07482455450605459
IMG_0187_aug1.png;Bercak Daun;0.07017876358175147;0.07017876358175147;0.10895106863776084;0.0974523377506499;0.10295323894615524;0.17371154963972063;0.09107664508934987;0.13694206355311905;0.0738330350912674;0.07472253412847403
IMG_0187_aug2.png;Bercak Daun;0.07016492425148829;0.07016492425148829;0.10893934663551429;0.09745319000426457;0.10295881424304491;0.1737427614580077;0.09108101829293246;0.136962136933119;0.07381745703342987;0.07471542689671065
IMG_0187_clean.png;Bercak Daun;0.07017876358175147;0.07017876358175147;0.10895106863776084;0.0974523377506499;0.10295323894615524;0.17371154963972063;0.09107664508934987;0.13694206355311905;0.0738330350912674;0.07472253412847403
IMG_0188_aug1.png;Bercak Daun;0.0701273571786892;0.0701273571786892;0.11517802245697574;0.09835671116252297;0.10239456188564948;0.1624868724650089;0.09098159294689818;0.13111877305437888;0.07717154446963616;0.08205720720155119
IMG_0188_aug2.png;Bercak Daun;0.07003873866476637;0.07003873866476637;0.11513441737578826;0.09838289818210434;0.10243658325330492;0.16263710274480134;0.0909869768550405;0.13122983339498964;0.07712052014656445;0.08199419071787381
IMG_0188_clean.png;Bercak Daun;0.0701273571786892;0.0701273571786892;0.11517802245697574;0.09835671116252297;0.10239456188564948;0.1624868724650089;0.09098159294689818;0.13111877305437886;0.07717154446963616;0.08205720720155119
IMG_0189_aug1.png;Bercak Daun;0.0699840658059525;0.0699840658059525;0.11530132707004191;0.09836519196337376;0.10239245620013844;0.16283727573473103;0.09101783080673108;0.13122677183100173;0.07707298605731848;0.0818180287247584
IMG_0189_aug2.png;Bercak Daun;0.06994400745416252;0.06994400745416252;0.11523391796103372;0.09834162293518996;0.10239425764411689;0.16293174561371396;0.09105066367091721;0.13129559859606238;0.07707677497024575;0.08178740370039518
IMG_0189_clean.png;Bercak Daun;0.0699840658059525;0.0699840658059525;0.11530132707004193;0.09836519196337376;0.10239245620013844;0.16283727573473103;0.09101783080673108;0.13122677183100173;0.07707298605731848;0.08181802872475841
IMG_0190_aug1.png;Bercak Daun;0.06984400095052241;0.06984400095052241;0.11515725696343249;0.09825459863990568;0.10257534328281157;0.1637847130682833;0.09104346394762398;0.13186780220187624;0.07674951205715992;0.08087930793786215
IMG_0190_aug2.png;Bercak Daun;0.06982357597890713;0.06982357597890713;0.11515779287487682;0.09826196841044772;0.10256186303563854;0.163811619175914;0.09103629715695752;0.1318778901758812;0.07674565824233114;0.08089975897013882
IMG_0190_clean.png;Bercak Daun;0.06984400095052241;0.06984400095052241;0.11515725696343249;0.09825459863990568;0.10257534328281157;0.1637847130682833;0.09104346394762398;0.13186780220187624;0.07674951205715992;0.08087930793786215
IMG_0191_aug1.png;Bercak Daun;0.07586507065827046;0.07586507065827046;0.11775437299882333;0.09615354658647124;0.10264140057969104;0.15525467082636024;0.08855191221935423;0.124436788069397;0.08140589216891973;0.08207127523444231
IMG_0191_aug2.png;Bercak Daun;0.07521890789069753;0.07521890789069753;0.11740949580870558;0.09640059135727179;0.10285726790558807;0.15639737204721246;0.08867738684603685;0.12520983717735373;0.08106718824200942;0.08154304483442693
IMG_0191_clean.png;Bercak Daun;0.07586507065827046;0.07586507065827046;0.11775437299882333;0.09615354658647124;0.10264140057969104;0.15525467082636024;0.08855191221935423;0.124436788069397;0.08140589216891973;0.08207127523444231
IMG_0192_aug1.png;Bercak Daun;0.07608677694047482;0.07608677694047482;0.11738944297902223;0.096056468913318;0.1026439704961793;0.1555928870595194;0.08846156950213392;0.12471517550091794;0.0811560131151584;0.08181091855280116
IMG_0192_aug2.png;Bercak Daun;0.07586757569786588;0.07586757569786588;0.11725610991994823;0.09608236580224191;0.10273299512367107;0.1560742053247896;0.08848067213913673;0.12502379189912152;0.08103778828920057;0.08157692010615855
IMG_0192_clean.png;Bercak Daun;0.07608677694047482;0.07608677694047482;0.11738944297902223;0.09605646891331798;0.1026439704961793;0.1555928870595194;0.08846156950213392;0.12471517550091794;0.0811560131151584;0.08181091855280116
IMG_0193_aug1.png;Bercak Daun;0.07605451554128956;0.07605451554128956;0.1177225687722491;0.0960810820086624;0.10236027645011682;0.15518328958167957;0.08870392663579274;0.12454733576442323;0.0812329822772337;0.08205950742726323
IMG_0193_aug2.png;Bercak Daun;0.07565300356807414;0.07565300356807414;0.1174901732024442;0.09623418510574826;0.10249517602995958;0.1559627109923105;0.08878305246702653;0.12506847911681424;0.08099544186846215;0.08166477408108619
IMG_0193_clean.png;Bercak Daun;0.07605451554128956;0.07605451554128956;0.1177225687722491;0.0960810820086624;0.10236027645011683;0.15518328958167957;0.08870392663579274;0.12454733576442321;0.08123298227723369;0.08205950742726323
IMG_0194_aug1.png;Bercak Daun;0.0760400809833687;0.0760400809833687;0.11748252720588687;0.09613268939911256;0.10234891090485183;0.155360279291559;0.0886476260904366;0.12472351634294492;0.08118638974464214;0.08203789905382865
IMG_0194_aug2.png;Bercak Daun;0.07472848643086673;0.07472848643086673;0.11686748439618568;0.09665015844117461;0.10293009665933131;0.15754628970510925;0.08880730072528172;0.12626339339560105;0.08052205699998016;0.08095624681560279
IMG_0194_clean.png;Bercak Daun;0.0760400809833687;0.0760400809833687;0.11748252720588687;0.09613268939911256;0.10234891090485183;0.155360279291559;0.0886476260904366;0.12472351634294492;0.08118638974464212;0.08203789905382868
IMG_0195_aug1.png;Bercak Daun;0.0696584590523785;0.0696584590523785;0.1087408973552021;0.10040557652037298;0.10634651301859602;0.15607508853804794;0.09173811928313384;0.13049966661541035;0.07976774613368441;0.08710947443079521
IMG_0195_aug2.png;Bercak Daun;0.06958736713204722;0.06958736713204722;0.1087513802620479;0.10040092072460895;0.10635148459259267;0.15628936341517455;0.09174853182320068;0.13062832736778954;0.07967202694700581;0.08698323060348548
IMG_0195_clean.png;Bercak Daun;0.0696584590523785;0.0696584590523785;0.10874089735520213;0.10040557652037298;0.10634651301859603;0.15607508853804794;0.09173811928313384;0.13049966661541035;0.07976774613368441;0.08710947443079521
IMG_0196_aug1.png;Bercak Daun;0.06953774358555298;0.06953774358555298;0.10917297766173885;0.10024788211201886;0.10645013214593524;0.1566581054314461;0.09185018870519482;0.13058633617047183;0.07938874711420496;0.08657014348788318
IMG_0196_aug2.png;Bercak Daun;0.06948382936152699;0.06948382936152699;0.10916212361927977;0.10023678795094887;0.10646072748902069;0.15683346706785778;0.09184737859373189;0.13072586106890285;0.07933834398672912;0.0864276515004749
IMG_0196_clean.png;Bercak Daun;0.069537743585553;0.069537743585553;0.10917297766173888;0.10024788211201889;0.10645013214593527;0.15665810543144612;0.09185018870519485;0.13058633617047183;0.07938874711420499;0.08657014348788321
IMG_0197_aug1.png;Bercak Daun;0.06980879642068408;0.06980879642068408;0.1083388847175957;0.10038933566047252;0.10655211999634241;0.15614825466166102;0.09171975869533577;0.13024787370428756;0.0796550161388605;0.08733116358407633
IMG_0197_aug2.png;Bercak Daun;0.06975350127093839;0.06975350127093839;0.10834960122933052;0.10039848990999382;0.10651065865660297;0.15630052945259404;0.09169653595182735;0.1303501410184695;0.0796227241767344;0.08726431706257047
IMG_0197_clean.png;Bercak Daun;0.06980879642068409;0.06980879642068409;0.1083388847175957;0.10038933566047252;0.10655211999634241;0.15614825466166102;0.09171975869533577;0.13024787370428756;0.0796550161388605;0.08733116358407633
IMG_0198_aug1.png;Bercak Daun;0.06988806461015863;0.06988806461015863;0.10835241645778604;0.10041276421241672;0.10653353227688599;0.15581061064743054;0.09168458938938341;0.130134679270139;0.07986159844086489;0.08743368008477616
